wearc=-0.054500
partcount=1016.000000
