wearc=0.580000
partcount=7.000000
