wearc=1.330000
partcount=16.000000
