wearc=0.708000
partcount=25.000000
